1 <- 0 20
0 -> 2 6
0 -> 3 4
0 -> 4 25
5 <- 0 25
6 <- 0 5
0 -> 7 11
0 -> 8 5
0 -> 9 20
0 -> 10 13
11 <- 0 1
0 -> 12 4
0 -> 13 6
0 -> 14 4
1 -> 0 20
1 -> 2 13
1 -> 3 10
4 <- 1 3
5 <- 1 25
6 <- 1 13
7 <- 1 18
1 -> 8 8
9 <- 1 21
1 -> 10 24
11 <- 1 15
12 <- 1 23
1 -> 13 20
1 -> 14 3
0 <- 2 6
2 -> 1 13
2 -> 3 25
2 -> 4 11
2 -> 5 6
2 -> 6 11
7 <- 2 16
2 -> 9 16
10 <- 2 7
11 <- 2 3
12 <- 2 4
2 -> 13 18
14 <- 2 14
0 <- 3 4
3 -> 1 10
3 -> 2 25
4 <- 3 1
5 <- 3 8
3 -> 6 19
7 <- 3 15
8 <- 3 20
3 -> 9 5
10 <- 3 8
3 -> 11 11
3 -> 12 20
3 -> 13 24
14 <- 3 9
4 -> 0 25
4 -> 1 3
2 <- 4 11
4 -> 3 1
5 <- 4 13
4 -> 6 18
4 -> 7 1
4 -> 8 18
9 <- 4 14
4 -> 10 18
11 <- 4 8
4 -> 12 6
13 <- 4 22
4 -> 14 19
5 -> 0 25
5 -> 1 25
5 -> 2 6
3 <- 5 8
4 <- 5 13
6 <- 5 13
5 -> 7 13
8 <- 5 20
9 <- 5 6
5 -> 10 14
11 <- 5 15
12 <- 5 13
13 <- 5 12
14 <- 5 6
0 <- 6 5
1 <- 6 13
2 <- 6 11
6 -> 3 19
4 <- 6 18
6 -> 5 13
7 <- 6 9
6 -> 9 6
6 -> 10 3
6 -> 11 23
12 <- 6 12
13 <- 6 4
14 <- 6 3
0 <- 7 11
7 -> 1 18
2 <- 7 16
7 -> 3 15
4 <- 7 1
7 -> 5 13
6 <- 7 9
7 -> 8 22
7 -> 9 19
7 -> 10 10
11 <- 7 5
7 -> 12 9
7 -> 13 16
7 -> 14 2
8 -> 0 5
1 <- 8 8
3 <- 8 20
4 <- 8 18
5 <- 8 20
7 <- 8 22
8 -> 9 21
10 <- 8 23
8 -> 11 20
8 -> 12 24
8 -> 13 4
8 -> 14 18
0 <- 9 20
9 -> 1 21
9 -> 2 16
3 <- 9 5
4 <- 9 14
9 -> 5 6
9 -> 6 6
9 -> 7 19
8 <- 9 21
9 -> 10 1
11 <- 9 24
9 -> 13 8
9 -> 14 24
10 -> 0 13
1 <- 10 24
2 <- 10 7
10 -> 3 8
4 <- 10 18
5 <- 10 14
10 -> 6 3
10 -> 7 10
10 -> 8 23
9 <- 10 1
10 -> 11 12
10 -> 12 13
13 <- 10 8
14 <- 10 19
0 <- 11 1
1 <- 11 15
2 <- 11 3
3 <- 11 11
4 <- 11 8
11 -> 5 15
6 <- 11 23
11 -> 7 5
11 -> 8 20
11 -> 9 24
11 -> 10 12
12 <- 11 22
11 -> 13 17
11 -> 14 4
0 <- 12 4
12 -> 1 23
2 <- 12 4
3 <- 12 20
4 <- 12 6
5 <- 12 13
6 <- 12 12
7 <- 12 9
12 -> 8 24
12 -> 10 13
11 <- 12 22
12 -> 13 9
12 -> 14 24
13 -> 0 6
13 -> 1 20
2 <- 13 18
13 -> 3 24
13 -> 4 22
13 -> 5 12
13 -> 6 4
13 -> 7 16
13 -> 8 4
13 -> 9 8
10 <- 13 8
11 <- 13 17
12 <- 13 9
13 -> 14 17
0 <- 14 4
1 <- 14 3
2 <- 14 14
3 <- 14 9
14 -> 4 19
5 <- 14 6
6 <- 14 3
14 -> 7 2
8 <- 14 18
14 -> 9 24
10 <- 14 19
11 <- 14 4
12 <- 14 24
14 -> 13 17
