Debut: 30
Fin: 31
0 -> 2 921
0 -> 4 986
6 <- 0 949
0 -> 7 1000
10 <- 0 455
12 <- 0 989
0 -> 13 718
0 -> 19 570
24 <- 0 455
0 -> 27 815
28 <- 0 878
1 -> 2 598
1 -> 4 719
7 <- 1 870
1 -> 8 4
1 -> 10 932
12 <- 1 778
1 -> 13 871
14 <- 1 738
1 -> 15 590
1 -> 16 370
1 -> 19 266
1 -> 22 312
25 <- 1 498
26 <- 1 222
1 -> 27 291
2 -> 0 573
1 <- 2 425
2 -> 3 161
2 -> 4 681
5 <- 2 940
6 <- 2 859
2 -> 8 414
2 -> 12 541
13 <- 2 766
2 -> 15 586
2 -> 16 211
2 -> 19 226
24 <- 2 824
2 -> 25 642
2 -> 27 878
28 <- 2 368
3 -> 2 182
3 -> 7 537
13 <- 3 558
14 <- 3 933
3 -> 16 691
3 -> 17 672
19 <- 3 81
21 <- 3 321
22 <- 3 430
3 -> 26 596
3 -> 27 599
28 <- 3 171
3 -> 29 877
4 -> 0 435
4 -> 2 91
4 -> 5 175
4 -> 6 757
7 <- 4 439
8 <- 4 303
9 <- 4 429
4 -> 11 831
4 -> 12 522
13 <- 4 504
15 <- 4 421
4 -> 17 853
18 <- 4 803
4 -> 19 22
4 -> 20 149
4 -> 22 569
4 -> 26 781
4 -> 29 536
5 -> 6 900
5 -> 7 222
5 -> 11 821
12 <- 5 560
16 <- 5 117
5 -> 18 936
5 -> 19 102
20 <- 5 151
5 -> 23 87
24 <- 5 940
25 <- 5 655
5 -> 26 727
29 <- 5 760
6 -> 0 218
6 -> 2 174
3 <- 6 579
6 -> 4 887
6 -> 5 719
7 <- 6 649
8 <- 6 639
6 -> 9 285
6 -> 10 21
6 -> 11 68
6 -> 12 76
13 <- 6 717
6 -> 15 394
6 -> 16 413
6 -> 17 18
6 -> 18 980
6 -> 19 990
6 -> 21 945
6 -> 24 490
6 -> 25 214
6 -> 26 864
28 <- 6 219
6 -> 29 150
7 -> 1 964
7 -> 3 118
7 -> 5 890
7 -> 6 69
7 -> 8 960
7 -> 10 828
11 <- 7 674
12 <- 7 147
7 -> 13 422
7 -> 14 377
17 <- 7 286
7 -> 18 808
28 <- 7 517
7 -> 29 394
1 <- 8 768
2 <- 8 536
4 <- 8 653
6 <- 8 491
8 -> 7 209
8 -> 10 85
12 <- 8 778
16 <- 8 198
21 <- 8 208
23 <- 8 186
24 <- 8 119
8 -> 26 845
9 -> 4 879
6 <- 9 735
8 <- 9 102
11 <- 9 819
9 -> 14 490
17 <- 9 72
9 -> 18 472
19 <- 9 163
10 -> 0 132
1 <- 10 308
2 <- 10 248
5 <- 10 187
6 <- 10 126
8 <- 10 217
9 <- 10 503
11 <- 10 144
12 <- 10 11
10 -> 13 178
16 <- 10 649
10 -> 18 845
10 -> 19 890
20 <- 10 671
10 -> 22 877
25 <- 10 828
26 <- 10 662
10 -> 31 10000
11 -> 4 665
5 <- 11 425
6 <- 11 422
7 <- 11 102
9 <- 11 924
11 -> 10 322
11 -> 12 700
13 <- 11 687
11 -> 14 721
11 -> 19 668
11 -> 20 163
11 -> 21 19
25 <- 11 218
11 -> 27 508
11 -> 31 10000
12 -> 1 130
2 <- 12 905
4 <- 12 859
5 <- 12 242
6 <- 12 901
8 <- 12 693
10 <- 12 365
12 -> 11 57
12 -> 13 6
16 <- 12 848
18 <- 12 490
12 -> 20 725
12 -> 23 513
24 <- 12 399
12 -> 26 429
27 <- 12 113
12 -> 28 692
0 <- 13 536
1 <- 13 134
13 -> 2 185
13 -> 3 138
4 <- 13 246
13 -> 7 112
13 -> 8 658
13 -> 10 778
11 <- 13 334
13 -> 12 540
13 -> 14 564
16 <- 13 253
13 -> 17 895
13 -> 18 313
13 -> 20 868
22 <- 13 738
13 -> 23 636
13 -> 24 881
13 -> 27 881
13 -> 28 430
13 -> 29 847
14 -> 1 184
14 -> 3 795
4 <- 14 816
14 -> 6 270
7 <- 14 131
8 <- 14 343
9 <- 14 55
14 -> 10 306
14 -> 11 256
14 -> 12 469
14 -> 13 690
15 <- 14 248
16 <- 14 735
17 <- 14 375
18 <- 14 919
20 <- 14 149
21 <- 14 524
22 <- 14 827
14 -> 23 442
14 -> 24 811
25 <- 14 550
26 <- 14 815
15 -> 2 899
4 <- 15 658
15 -> 6 562
9 <- 15 454
15 -> 14 445
21 <- 15 468
15 -> 22 441
15 -> 25 949
27 <- 15 990
15 -> 28 838
15 -> 29 184
16 -> 1 931
2 <- 16 527
3 <- 16 697
16 -> 5 81
9 <- 16 953
16 -> 10 765
11 <- 16 13
12 <- 16 931
13 <- 16 818
15 <- 16 320
16 -> 18 754
16 -> 19 616
25 <- 16 820
16 -> 26 706
16 -> 27 548
16 -> 28 537
29 <- 16 979
1 <- 17 329
2 <- 17 803
17 -> 3 576
4 <- 17 288
17 -> 6 370
7 <- 17 351
9 <- 17 845
13 <- 17 269
14 <- 17 311
15 <- 17 714
16 <- 17 324
17 -> 19 235
17 -> 20 855
22 <- 17 21
17 -> 23 334
17 -> 25 101
17 -> 26 751
27 <- 17 512
28 <- 17 202
18 -> 1 948
5 <- 18 136
6 <- 18 826
18 -> 7 28
18 -> 9 980
10 <- 18 158
12 <- 18 549
14 <- 18 816
16 <- 18 918
20 <- 18 422
18 -> 22 837
18 -> 24 604
26 <- 18 315
18 -> 27 631
29 <- 18 621
0 <- 19 542
1 <- 19 625
19 -> 2 12
3 <- 19 4
4 <- 19 113
5 <- 19 616
19 -> 6 268
19 -> 7 742
8 <- 19 805
9 <- 19 617
19 -> 10 212
11 <- 19 819
19 -> 12 87
16 <- 19 8
17 <- 19 92
19 -> 20 867
19 -> 21 289
19 -> 23 392
24 <- 19 360
19 -> 26 480
28 <- 19 26
20 -> 9 473
20 -> 10 702
20 -> 11 622
20 -> 12 694
20 -> 13 746
14 <- 20 894
17 <- 20 5
18 <- 20 59
20 -> 19 139
21 <- 20 969
20 -> 25 676
20 -> 29 503
1 <- 21 324
3 <- 21 646
21 -> 7 417
21 -> 8 242
11 <- 21 427
21 -> 14 100
15 <- 21 914
21 -> 19 904
28 <- 21 196
21 -> 29 794
1 <- 22 861
22 -> 3 212
22 -> 4 960
22 -> 6 458
22 -> 9 237
13 <- 22 951
22 -> 15 857
16 <- 22 314
22 -> 17 679
27 <- 22 469
23 -> 0 753
1 <- 23 717
23 -> 3 25
23 -> 5 766
23 -> 8 502
23 -> 12 655
23 -> 13 259
14 <- 23 768
23 -> 15 324
23 -> 17 939
20 <- 23 395
23 -> 26 197
23 -> 28 780
29 <- 23 684
24 -> 0 859
2 <- 24 569
24 -> 5 162
6 <- 24 55
12 <- 24 579
24 -> 14 522
18 <- 24 322
24 -> 19 668
24 -> 26 535
1 <- 25 399
25 -> 2 926
25 -> 4 901
5 <- 25 61
25 -> 6 240
7 <- 25 609
12 <- 25 802
13 <- 25 682
14 <- 25 254
15 <- 25 580
16 <- 25 884
18 <- 25 784
20 <- 25 756
25 -> 21 528
25 -> 24 755
25 -> 26 208
25 -> 27 72
25 -> 28 359
25 -> 29 617
26 -> 0 445
1 <- 26 924
2 <- 26 197
3 <- 26 125
26 -> 4 87
26 -> 5 579
6 <- 26 849
26 -> 8 337
26 -> 10 302
26 -> 12 430
26 -> 14 699
16 <- 26 310
26 -> 17 323
19 <- 26 546
26 -> 21 653
26 -> 23 323
26 -> 24 121
25 <- 26 781
27 <- 26 712
29 <- 26 581
0 <- 27 581
27 -> 1 887
27 -> 2 829
3 <- 27 498
27 -> 5 577
27 -> 7 649
8 <- 27 437
10 <- 27 492
27 -> 12 659
27 -> 13 138
16 <- 27 88
27 -> 17 24
18 <- 27 67
19 <- 27 696
27 -> 23 176
25 <- 27 489
27 -> 26 781
28 <- 27 36
27 -> 29 651
28 -> 0 104
28 -> 2 547
28 -> 3 528
6 <- 28 71
7 <- 28 249
28 -> 8 726
12 <- 28 618
28 -> 13 743
14 <- 28 868
28 -> 15 416
28 -> 16 438
28 -> 17 894
28 -> 20 272
21 <- 28 717
23 <- 28 885
25 <- 28 474
28 -> 27 477
28 -> 29 719
29 -> 3 436
4 <- 29 339
5 <- 29 213
29 -> 6 628
7 <- 29 800
29 -> 8 251
29 -> 10 683
11 <- 29 791
13 <- 29 411
14 <- 29 917
15 <- 29 919
16 <- 29 1
17 <- 29 532
29 -> 18 171
20 <- 29 399
29 -> 21 302
29 -> 23 182
25 <- 29 816
26 <- 29 207
29 -> 27 42
30 -> 0 42
