Debut: 90
Fin: 67
40 <- 0 59
52 <- 0 953
0 -> 74 707
44 <- 1 477
1 -> 51 728
1 -> 52 366
2 -> 1 874
30 <- 2 549
2 -> 47 391
53 <- 3 20
3 -> 54 851
3 -> 58 530
3 -> 70 965
12 <- 4 785
60 <- 4 452
77 <- 4 21
4 -> 83 559
5 -> 7 227
5 -> 11 806
5 -> 47 26
69 <- 5 368
5 <- 6 968
6 -> 37 645
2 <- 7 361
7 -> 13 36
7 -> 16 929
81 <- 7 145
2 <- 8 3
35 <- 8 139
8 -> 46 279
64 <- 8 422
9 -> 21 684
9 -> 66 141
53 <- 10 933
57 <- 10 833
97 <- 10 773
11 -> 60 597
69 <- 11 34
12 -> 40 66
60 <- 12 176
13 -> 9 526
13 -> 50 498
58 <- 13 607
13 -> 81 687
3 <- 14 401
14 -> 36 879
15 -> 3 164
15 -> 30 957
68 <- 15 243
15 -> 82 332
16 -> 25 837
16 -> 73 930
16 -> 75 435
16 -> 83 565
66 <- 17 519
17 -> 78 821
49 <- 18 97
18 -> 65 295
9 <- 19 83
24 <- 19 964
19 -> 46 207
53 <- 19 254
15 <- 20 382
20 -> 30 10
47 <- 20 627
74 <- 20 874
12 <- 21 622
21 -> 41 576
86 <- 21 704
14 <- 22 698
67 <- 22 237
79 <- 22 494
23 -> 35 497
23 -> 81 377
24 -> 14 66
24 -> 73 83
9 <- 25 292
19 <- 25 241
10 <- 26 228
26 -> 88 838
0 <- 27 473
7 <- 27 353
27 -> 52 128
62 <- 27 246
28 -> 14 526
28 -> 58 669
28 -> 65 496
28 -> 72 355
29 -> 26 952
29 -> 38 150
29 -> 61 43
1 <- 30 169
4 <- 30 22
51 <- 30 905
89 <- 30 724
16 <- 31 267
34 <- 31 213
32 -> 41 776
43 <- 32 316
66 <- 32 256
32 -> 70 55
43 <- 33 587
33 -> 57 922
76 <- 33 226
25 <- 34 355
35 -> 47 722
59 <- 35 376
66 <- 35 294
36 -> 0 167
36 -> 32 246
67 <- 36 531
37 -> 47 842
61 <- 37 835
5 <- 38 893
38 -> 27 426
74 <- 38 518
38 -> 82 853
38 -> 95 297
39 -> 33 959
39 -> 61 610
39 -> 93 604
40 -> 4 368
40 -> 49 341
40 -> 51 8
41 -> 21 614
41 -> 29 450
89 <- 41 339
42 -> 1 686
42 -> 3 915
42 -> 14 377
42 -> 96 582
2 <- 43 19
43 -> 4 779
43 -> 7 437
44 -> 72 12
44 -> 73 961
27 <- 45 666
99 <- 45 86
46 -> 12 461
18 <- 46 852
46 -> 19 210
46 -> 81 286
6 <- 47 114
35 <- 47 224
47 -> 66 620
48 -> 29 195
48 -> 45 282
48 -> 49 470
49 -> 12 429
47 <- 49 143
49 -> 74 502
49 -> 95 70
50 -> 13 238
50 -> 38 264
74 <- 50 705
51 -> 38 952
79 <- 51 627
51 -> 96 136
1 <- 52 730
69 <- 52 325
91 <- 52 118
53 -> 3 459
53 -> 10 334
53 -> 46 224
54 <- 53 508
31 <- 54 966
54 -> 61 284
54 -> 93 49
1 <- 55 559
55 -> 15 986
55 -> 33 27
77 <- 55 818
56 -> 66 885
68 <- 56 3
32 <- 57 647
53 <- 57 123
57 -> 79 570
57 -> 85 75
57 -> 95 480
58 -> 21 828
58 -> 30 567
58 -> 60 179
0 <- 59 112
21 <- 59 910
59 -> 46 136
59 -> 53 305
3 <- 60 161
60 -> 32 403
38 <- 60 352
54 <- 60 402
58 <- 60 457
61 -> 5 676
61 -> 18 96
61 -> 29 329
55 <- 62 693
62 -> 76 180
80 <- 62 594
63 -> 54 723
63 -> 56 362
23 <- 64 390
35 <- 64 2
18 <- 65 696
65 -> 53 543
65 -> 72 111
28 <- 66 734
35 <- 66 956
66 -> 45 268
96 <- 66 671
14 <- 67 8
47 <- 67 431
67 -> 50 759
67 -> 56 381
2 <- 68 493
68 -> 6 563
15 <- 68 77
68 -> 17 226
68 -> 61 814
69 -> 33 539
34 <- 69 415
69 -> 89 470
69 -> 94 621
70 -> 3 148
9 <- 70 35
70 -> 24 592
81 <- 70 344
84 <- 71 868
71 -> 89 950
56 <- 72 613
58 <- 72 272
72 -> 70 581
97 <- 72 6
22 <- 73 402
73 -> 49 43
91 <- 73 610
74 -> 16 183
74 -> 59 100
75 -> 20 235
75 -> 25 239
75 -> 65 377
47 <- 76 774
76 -> 59 253
72 <- 76 730
80 <- 76 793
4 <- 77 7
77 -> 24 226
26 <- 77 293
52 <- 77 961
77 -> 60 866
17 <- 78 487
72 <- 78 686
87 <- 78 529
57 <- 79 51
79 -> 71 687
79 -> 77 83
14 <- 80 242
80 -> 62 817
63 <- 80 384
80 -> 76 934
28 <- 81 676
81 -> 47 726
70 <- 81 767
81 -> 98 893
82 -> 34 692
38 <- 82 540
83 -> 13 623
32 <- 83 35
84 -> 1 22
5 <- 84 820
84 -> 53 536
84 -> 56 609
23 <- 85 922
85 -> 24 351
52 <- 85 475
86 -> 23 620
86 -> 85 505
19 <- 87 940
29 <- 87 796
57 <- 87 92
82 <- 87 332
88 -> 17 691
58 <- 88 130
16 <- 89 836
89 -> 67 466
89 -> 85 807
90 -> 80 695
94 <- 90 799
11 <- 91 822
12 <- 91 264
36 <- 91 590
88 <- 91 750
10 <- 92 609
92 -> 23 657
47 <- 92 444
19 <- 93 25
54 <- 93 681
83 <- 93 54
84 <- 93 380
94 -> 16 200
94 -> 49 226
58 <- 94 119
20 <- 95 690
95 -> 48 636
56 <- 95 801
95 -> 87 426
96 -> 79 688
96 -> 89 398
4 <- 97 152
68 <- 97 205
30 <- 98 306
56 <- 98 477
98 -> 62 724
98 -> 74 978
99 -> 49 617
77 <- 99 172
