Debut: 401
Fin: 233
0 -> 190 663
0 -> 234 406
281 <- 0 227
0 -> 308 747
0 -> 331 804
391 <- 0 873
451 <- 0 633
0 <- 1 391
9 <- 1 808
48 <- 1 803
318 <- 1 730
1 -> 366 466
369 <- 1 923
2 -> 76 420
215 <- 2 516
2 -> 219 891
364 <- 2 707
383 <- 2 488
146 <- 3 997
3 -> 216 376
3 -> 220 675
221 <- 3 665
336 <- 3 811
3 -> 355 632
3 -> 392 40
3 -> 486 718
32 <- 4 701
4 -> 86 62
4 -> 114 849
4 -> 324 909
42 <- 5 249
5 -> 262 161
353 <- 5 781
495 <- 5 634
0 <- 6 459
138 <- 6 27
6 -> 180 700
7 -> 11 30
35 <- 7 323
134 <- 7 114
221 <- 7 841
311 <- 7 262
377 <- 7 944
7 -> 378 225
444 <- 7 517
8 -> 70 940
8 -> 142 877
8 -> 337 17
30 <- 9 329
54 <- 9 726
9 -> 396 883
29 <- 10 573
321 <- 10 542
10 -> 429 247
106 <- 11 553
11 -> 189 150
11 -> 253 26
11 -> 318 950
11 -> 384 906
386 <- 11 953
468 <- 11 175
11 -> 499 686
158 <- 12 774
175 <- 12 227
12 -> 257 192
320 <- 12 680
12 -> 393 651
12 -> 415 150
463 <- 12 752
103 <- 13 151
154 <- 13 544
220 <- 13 643
287 <- 13 273
370 <- 13 577
13 -> 435 761
13 -> 487 63
14 -> 42 7
162 <- 14 96
14 -> 231 130
14 -> 309 986
14 -> 357 355
15 -> 26 417
81 <- 15 786
15 -> 82 130
176 <- 15 879
252 <- 15 996
16 -> 102 303
16 -> 414 808
38 <- 17 114
17 -> 96 849
290 <- 17 302
450 <- 17 546
101 <- 18 676
297 <- 18 897
372 <- 18 785
19 -> 191 40
216 <- 19 986
19 -> 217 136
286 <- 19 333
387 <- 19 397
451 <- 19 288
20 -> 6 865
62 <- 20 722
20 -> 86 327
156 <- 20 927
20 -> 206 847
390 <- 20 79
479 <- 20 356
21 -> 99 498
128 <- 21 535
21 -> 139 772
21 -> 252 450
121 <- 22 154
22 -> 126 79
22 -> 235 690
22 -> 282 252
444 <- 22 684
493 <- 22 34
23 -> 44 347
192 <- 23 129
288 <- 23 803
335 <- 23 948
361 <- 23 543
499 <- 23 215
5 <- 24 221
24 -> 80 489
24 -> 231 516
24 -> 262 690
265 <- 24 48
24 -> 480 347
25 -> 52 210
174 <- 25 449
25 -> 243 988
363 <- 25 707
25 -> 428 229
492 <- 25 212
26 -> 68 893
93 <- 26 954
27 -> 250 153
27 -> 261 869
27 -> 299 307
473 <- 27 89
27 -> 481 645
28 -> 5 799
28 -> 38 563
80 <- 28 500
99 <- 28 428
236 <- 28 305
260 <- 28 519
407 <- 28 948
28 -> 498 663
29 -> 10 420
276 <- 29 477
346 <- 29 741
15 <- 30 587
97 <- 30 981
275 <- 30 144
31 -> 55 425
191 <- 31 330
202 <- 31 982
31 -> 241 467
31 -> 276 501
31 -> 334 98
337 <- 31 605
386 <- 31 22
48 <- 32 1000
373 <- 32 812
32 -> 445 847
33 -> 151 306
196 <- 33 987
33 -> 342 199
33 -> 357 788
441 <- 33 3
34 -> 285 605
313 <- 34 407
446 <- 34 970
0 <- 35 381
108 <- 35 541
35 -> 213 325
324 <- 35 945
327 <- 35 566
459 <- 35 87
36 -> 128 768
36 -> 227 79
255 <- 36 104
260 <- 36 269
36 -> 275 109
353 <- 36 912
76 <- 37 721
200 <- 37 587
285 <- 37 667
37 -> 399 760
404 <- 37 278
465 <- 37 175
363 <- 38 504
485 <- 38 485
119 <- 39 969
194 <- 39 386
39 -> 335 747
40 -> 161 482
173 <- 40 865
40 -> 456 508
251 <- 41 321
41 -> 316 426
41 -> 455 601
22 <- 42 50
144 <- 42 662
42 -> 246 303
300 <- 42 261
42 -> 334 785
42 -> 343 655
43 -> 39 700
149 <- 43 78
43 -> 345 124
43 -> 359 872
43 -> 391 277
403 <- 43 90
43 -> 452 569
44 -> 72 520
44 -> 105 912
44 -> 150 129
236 <- 44 56
238 <- 44 929
358 <- 44 264
418 <- 44 139
75 <- 45 413
45 -> 76 285
45 -> 167 391
318 <- 45 189
331 <- 45 981
153 <- 46 820
167 <- 46 96
46 -> 258 632
470 <- 47 23
47 -> 475 832
48 -> 74 535
105 <- 48 273
126 <- 48 31
48 -> 227 804
245 <- 48 548
48 -> 342 783
387 <- 48 167
48 -> 406 367
92 <- 49 367
49 -> 215 374
49 -> 496 233
84 <- 50 166
50 -> 158 844
50 -> 186 451
228 <- 50 214
50 -> 239 363
50 -> 462 710
51 -> 22 366
122 <- 51 184
51 -> 334 922
52 -> 19 620
52 -> 27 23
146 <- 52 674
52 -> 176 920
202 <- 52 501
52 -> 453 441
28 <- 53 899
53 -> 285 231
53 -> 307 675
337 <- 53 273
53 -> 364 293
385 <- 53 506
495 <- 53 482
43 <- 54 89
54 -> 352 1000
397 <- 54 86
449 <- 54 949
454 <- 54 604
219 <- 55 382
55 -> 234 249
56 -> 7 375
56 -> 113 457
365 <- 56 619
410 <- 56 83
56 -> 471 148
188 <- 57 292
232 <- 57 380
57 -> 310 913
367 <- 57 55
58 -> 111 674
121 <- 58 738
163 <- 58 607
219 <- 58 304
58 -> 352 615
396 <- 58 53
59 -> 23 43
39 <- 59 697
251 <- 59 203
59 -> 291 31
59 -> 395 395
59 -> 398 836
456 <- 59 11
60 -> 91 788
60 -> 119 381
225 <- 60 736
483 <- 60 523
61 -> 5 537
36 <- 61 533
61 -> 37 521
61 -> 185 19
61 -> 204 601
61 -> 289 985
61 -> 316 10
491 <- 61 632
62 -> 59 495
74 <- 62 289
41 <- 63 909
63 -> 52 655
90 <- 63 747
63 -> 264 550
269 <- 63 808
328 <- 63 244
387 <- 63 909
64 -> 231 85
64 -> 454 889
65 -> 8 952
65 -> 54 238
112 <- 65 308
65 -> 225 351
290 <- 65 725
65 -> 295 893
327 <- 65 294
1 <- 66 679
66 -> 50 725
188 <- 66 75
66 -> 251 447
66 -> 392 365
239 <- 67 91
67 -> 279 66
67 -> 369 99
154 <- 68 318
195 <- 68 62
68 -> 202 254
241 <- 68 307
68 -> 315 790
68 -> 327 861
369 <- 68 667
29 <- 69 955
71 <- 69 332
211 <- 69 641
392 <- 69 170
410 <- 69 194
69 -> 478 274
69 -> 483 319
41 <- 70 231
44 <- 70 211
70 -> 287 878
403 <- 70 858
70 -> 430 141
71 -> 40 996
42 <- 71 329
71 -> 85 93
268 <- 71 220
71 -> 289 309
325 <- 71 729
431 <- 71 502
72 -> 125 630
168 <- 72 904
297 <- 72 406
72 -> 320 774
72 -> 449 592
452 <- 72 399
469 <- 72 767
72 -> 482 676
61 <- 73 59
73 -> 149 672
73 -> 326 939
341 <- 73 636
73 -> 361 526
378 <- 73 960
73 -> 427 409
74 -> 17 50
74 -> 66 552
357 <- 74 808
368 <- 74 489
74 -> 397 815
75 -> 241 926
75 -> 298 681
483 <- 75 66
97 <- 76 938
390 <- 76 411
77 -> 139 211
77 -> 262 374
283 <- 77 320
306 <- 77 843
77 -> 406 668
441 <- 77 513
78 -> 80 648
168 <- 78 892
78 -> 405 320
78 -> 426 813
20 <- 79 619
81 <- 79 557
79 -> 153 676
79 -> 259 364
311 <- 79 401
79 -> 412 211
79 -> 431 359
79 -> 482 358
78 <- 80 436
85 <- 80 556
80 -> 124 420
80 -> 144 652
80 -> 175 224
80 -> 278 24
80 -> 406 904
80 -> 471 742
131 <- 81 296
166 <- 81 171
293 <- 81 684
297 <- 81 640
397 <- 81 828
82 -> 67 183
355 <- 82 60
82 -> 440 848
83 -> 2 159
162 <- 83 876
214 <- 83 731
241 <- 83 643
263 <- 83 945
83 -> 335 160
84 -> 50 611
100 <- 84 638
84 -> 293 495
461 <- 84 442
85 -> 71 111
100 <- 85 91
85 -> 127 562
192 <- 85 963
271 <- 85 155
85 -> 361 956
423 <- 85 666
86 -> 162 8
200 <- 86 322
254 <- 86 116
86 -> 316 337
322 <- 86 261
86 -> 360 104
87 -> 58 607
79 <- 87 278
87 -> 343 447
351 <- 87 683
434 <- 87 595
87 -> 447 937
226 <- 88 485
88 -> 261 254
88 -> 374 148
89 -> 99 129
220 <- 89 539
231 <- 89 719
258 <- 89 660
434 <- 89 674
493 <- 89 372
90 -> 17 773
57 <- 90 958
90 -> 61 375
90 -> 334 996
71 <- 91 673
398 <- 91 954
92 -> 55 4
118 <- 92 503
92 -> 198 599
219 <- 92 719
92 -> 419 101
92 -> 455 971
93 -> 63 115
139 <- 93 844
93 -> 268 390
93 -> 326 650
238 <- 94 359
94 -> 248 369
95 -> 52 333
95 -> 91 538
273 <- 95 986
338 <- 95 45
351 <- 95 496
95 -> 458 389
95 -> 459 343
72 <- 96 588
96 -> 116 537
359 <- 96 606
418 <- 96 861
472 <- 96 55
97 -> 66 92
164 <- 97 883
97 -> 170 918
97 -> 248 536
97 -> 295 899
309 <- 97 511
402 <- 97 499
39 <- 98 631
98 -> 126 692
282 <- 98 588
486 <- 98 545
99 -> 49 923
179 <- 99 312
99 -> 196 945
99 -> 390 296
445 <- 99 909
10 <- 100 86
46 <- 100 988
166 <- 100 322
168 <- 100 471
241 <- 100 517
373 <- 100 986
100 -> 402 46
100 -> 447 418
2 <- 101 671
18 <- 101 279
101 -> 107 997
170 <- 101 156
270 <- 101 668
283 <- 101 702
359 <- 101 332
102 -> 52 565
70 <- 102 700
78 <- 102 681
102 -> 188 824
301 <- 102 823
102 -> 462 683
48 <- 103 125
67 <- 103 520
68 <- 103 443
121 <- 103 696
145 <- 103 161
103 -> 190 483
241 <- 103 585
346 <- 103 727
104 -> 44 595
104 -> 185 61
189 <- 104 711
280 <- 104 380
305 <- 104 824
104 -> 336 172
104 -> 360 41
274 <- 105 667
343 <- 105 579
106 -> 27 37
106 -> 124 253
209 <- 106 42
333 <- 106 393
107 -> 204 950
240 <- 107 694
273 <- 107 874
432 <- 107 367
74 <- 108 621
108 -> 215 426
108 -> 232 694
278 <- 108 765
109 -> 248 821
350 <- 109 218
440 <- 109 534
109 -> 475 782
110 -> 0 187
135 <- 110 382
148 <- 110 851
110 -> 176 866
110 -> 194 710
110 -> 228 300
110 -> 277 210
367 <- 110 356
0 <- 111 200
111 -> 156 767
242 <- 111 836
400 <- 111 693
468 <- 111 364
469 <- 111 121
112 -> 280 746
112 -> 314 264
410 <- 112 329
112 -> 432 905
19 <- 113 891
113 -> 29 517
87 <- 113 988
270 <- 113 845
294 <- 113 512
327 <- 113 33
113 -> 479 470
18 <- 114 707
117 <- 114 62
169 <- 114 880
200 <- 114 635
114 -> 221 582
356 <- 114 122
493 <- 114 834
100 <- 115 12
225 <- 115 894
115 -> 446 785
116 -> 126 841
258 <- 116 810
337 <- 116 180
116 -> 386 988
116 -> 394 325
116 -> 420 30
480 <- 116 115
123 <- 117 541
260 <- 117 827
117 -> 494 549
345 <- 118 208
410 <- 118 286
118 -> 468 621
118 -> 496 213
119 -> 183 405
119 -> 400 613
234 <- 120 48
120 -> 281 354
120 -> 416 136
287 <- 121 92
121 -> 297 598
445 <- 121 681
459 <- 121 777
56 <- 122 863
236 <- 122 384
123 -> 117 479
128 <- 123 829
220 <- 123 69
255 <- 123 117
229 <- 124 270
124 -> 252 320
297 <- 124 976
464 <- 124 79
125 -> 30 991
127 <- 125 621
419 <- 125 914
52 <- 126 818
126 -> 175 270
347 <- 126 151
126 -> 352 17
126 -> 378 823
126 -> 424 661
79 <- 127 432
107 <- 127 441
157 <- 127 486
164 <- 127 596
267 <- 127 429
392 <- 127 358
127 -> 452 249
127 -> 473 481
128 -> 164 857
128 -> 397 826
61 <- 129 521
129 -> 114 632
129 -> 228 600
265 <- 129 718
129 -> 298 725
351 <- 129 545
129 -> 439 994
489 <- 129 962
41 <- 130 384
130 -> 106 385
130 -> 124 117
130 -> 125 41
131 -> 45 127
131 -> 54 372
131 -> 124 836
131 -> 219 572
131 -> 356 546
131 -> 477 156
65 <- 132 846
159 <- 132 391
132 -> 213 183
132 -> 253 758
132 -> 293 555
366 <- 132 5
445 <- 132 799
467 <- 132 295
131 <- 133 21
133 -> 157 109
442 <- 133 46
443 <- 133 604
2 <- 134 265
134 -> 130 399
226 <- 134 167
134 -> 247 169
134 -> 271 176
406 <- 134 301
449 <- 134 156
135 -> 43 285
135 -> 82 120
165 <- 135 190
223 <- 135 336
297 <- 135 930
321 <- 135 967
72 <- 136 314
136 -> 90 807
117 <- 136 950
229 <- 136 168
345 <- 136 469
136 -> 377 985
136 -> 435 77
136 -> 465 608
53 <- 137 673
137 -> 89 23
149 <- 137 317
137 -> 211 766
137 -> 323 242
137 -> 464 537
138 -> 23 830
63 <- 138 630
138 -> 71 24
81 <- 138 557
138 -> 173 130
438 <- 138 293
138 -> 490 231
138 -> 494 520
383 <- 139 312
459 <- 139 699
140 -> 21 439
30 <- 140 79
140 -> 174 330
372 <- 140 416
140 -> 383 416
140 -> 385 325
140 -> 413 247
444 <- 140 79
141 -> 109 498
141 -> 195 692
202 <- 141 894
262 <- 141 445
275 <- 141 761
141 -> 383 155
395 <- 141 359
141 -> 429 159
142 -> 201 999
142 -> 345 845
142 -> 378 854
142 -> 408 792
27 <- 143 153
143 -> 96 59
143 -> 399 156
434 <- 143 316
0 <- 144 806
144 -> 54 539
144 -> 64 85
258 <- 144 95
343 <- 144 514
144 -> 447 250
40 <- 145 682
484 <- 145 625
230 <- 146 420
266 <- 146 403
146 -> 268 594
38 <- 147 828
147 -> 114 32
147 -> 269 74
291 <- 147 258
147 -> 439 477
43 <- 148 953
148 -> 50 835
148 -> 66 589
148 -> 155 252
148 -> 179 174
306 <- 148 540
148 -> 473 553
491 <- 148 412
45 <- 149 368
149 -> 90 860
227 <- 149 735
149 -> 281 840
149 -> 323 4
375 <- 149 791
487 <- 149 992
150 -> 24 104
150 -> 32 609
150 -> 43 18
231 <- 150 874
150 -> 236 562
419 <- 150 111
150 -> 460 294
150 -> 497 212
151 -> 18 285
151 -> 39 113
151 -> 81 240
151 -> 111 816
151 -> 187 541
151 -> 274 199
314 <- 151 598
151 -> 494 326
42 <- 152 778
152 -> 170 460
211 <- 152 442
262 <- 152 791
152 -> 348 173
425 <- 152 977
152 -> 430 981
152 -> 446 54
153 -> 100 642
153 -> 140 822
153 -> 340 354
154 -> 41 999
388 <- 154 420
147 <- 155 516
284 <- 155 332
155 -> 467 139
156 -> 222 23
156 -> 342 287
156 -> 358 48
156 -> 415 683
157 -> 135 725
157 -> 332 440
157 -> 406 96
30 <- 158 617
158 -> 62 30
90 <- 158 180
158 -> 240 758
294 <- 158 305
313 <- 158 635
128 <- 159 93
225 <- 159 874
159 -> 321 950
159 -> 359 621
3 <- 160 948
36 <- 160 300
160 -> 89 349
160 -> 487 694
68 <- 161 635
161 -> 117 333
196 <- 161 413
161 -> 239 720
161 -> 261 849
161 -> 359 156
161 -> 415 185
492 <- 161 490
162 -> 83 380
332 <- 162 370
162 -> 374 690
124 <- 163 929
163 -> 128 860
330 <- 163 297
163 -> 332 55
350 <- 163 805
163 -> 470 265
163 -> 492 548
164 -> 148 932
188 <- 164 163
164 -> 199 923
296 <- 164 340
347 <- 164 929
359 <- 164 683
164 -> 458 372
165 -> 26 242
165 -> 152 545
228 <- 165 309
165 -> 344 458
380 <- 165 749
391 <- 165 844
165 -> 447 152
2 <- 166 696
166 -> 7 66
39 <- 166 459
166 -> 149 792
166 -> 299 692
430 <- 166 530
23 <- 167 691
167 -> 322 231
325 <- 167 417
167 -> 370 924
90 <- 168 293
168 -> 129 147
324 <- 168 439
169 -> 196 582
343 <- 169 627
400 <- 169 774
415 <- 169 798
169 -> 475 119
170 -> 97 540
170 -> 186 693
74 <- 171 645
171 -> 86 565
322 <- 171 960
486 <- 171 930
172 -> 139 744
196 <- 172 738
172 -> 252 850
324 <- 172 49
172 -> 430 254
172 -> 494 127
173 -> 25 182
173 -> 91 115
135 <- 173 852
173 -> 143 451
173 -> 256 151
273 <- 173 870
173 -> 405 693
134 <- 174 291
174 -> 224 922
409 <- 174 422
449 <- 174 51
174 -> 454 76
175 -> 159 186
175 -> 174 23
175 -> 188 179
175 -> 212 826
175 -> 346 642
175 -> 376 208
384 <- 175 519
176 -> 12 215
105 <- 176 213
215 <- 176 964
330 <- 176 379
176 -> 354 95
432 <- 176 341
13 <- 177 960
30 <- 177 529
39 <- 177 287
177 -> 48 878
177 -> 67 59
182 <- 177 866
189 <- 177 877
5 <- 178 310
178 -> 73 858
81 <- 178 281
96 <- 178 665
178 -> 240 994
321 <- 178 947
178 -> 344 234
376 <- 178 426
151 <- 179 321
164 <- 179 81
320 <- 179 309
405 <- 179 234
452 <- 179 435
180 -> 69 172
180 -> 233 331
283 <- 180 117
405 <- 180 723
180 -> 467 933
181 -> 133 372
209 <- 181 143
230 <- 181 512
442 <- 181 382
181 -> 446 632
463 <- 181 13
182 -> 165 123
182 -> 357 811
446 <- 182 583
182 -> 467 179
216 <- 183 977
183 -> 285 243
183 -> 289 233
183 -> 299 737
183 -> 302 525
365 <- 183 204
83 <- 184 557
184 -> 269 900
282 <- 184 523
184 -> 365 71
396 <- 184 640
31 <- 185 204
103 <- 185 49
185 -> 440 880
482 <- 185 952
186 -> 326 100
328 <- 186 760
187 -> 134 244
187 -> 248 854
187 -> 387 748
188 -> 7 202
188 -> 198 673
215 <- 189 724
189 -> 257 902
342 <- 189 334
379 <- 189 299
190 -> 175 628
274 <- 190 355
364 <- 190 225
190 -> 475 712
499 <- 190 126
14 <- 191 545
191 -> 86 635
191 -> 110 318
350 <- 191 27
191 -> 375 4
391 <- 191 76
481 <- 191 288
192 -> 10 824
192 -> 67 256
192 -> 198 443
192 -> 369 30
5 <- 193 197
10 <- 193 569
14 <- 193 315
193 -> 491 775
194 -> 57 75
81 <- 194 104
106 <- 194 995
194 -> 110 90
208 <- 194 186
361 <- 194 502
406 <- 194 425
20 <- 195 176
195 -> 134 501
234 <- 195 126
196 -> 207 795
362 <- 196 425
197 -> 96 488
197 -> 227 686
242 <- 197 507
197 -> 334 225
52 <- 198 234
198 -> 109 922
198 -> 306 741
430 <- 198 397
199 -> 22 813
177 <- 199 994
199 -> 290 872
199 -> 347 480
199 -> 442 809
199 -> 474 44
200 -> 210 481
248 <- 200 670
301 <- 200 940
309 <- 200 198
200 -> 351 309
200 -> 356 557
201 -> 40 832
144 <- 201 213
201 -> 268 277
290 <- 201 355
120 <- 202 8
159 <- 202 348
202 -> 170 644
202 -> 298 240
202 -> 308 623
14 <- 203 507
28 <- 203 200
71 <- 203 914
79 <- 203 877
303 <- 203 517
203 -> 487 380
82 <- 204 587
148 <- 204 570
205 -> 57 782
73 <- 205 153
80 <- 205 836
205 -> 245 554
302 <- 205 633
310 <- 205 651
318 <- 205 651
362 <- 205 978
206 -> 145 750
358 <- 206 738
365 <- 206 370
207 -> 6 100
207 -> 50 454
207 -> 90 947
207 -> 120 67
22 <- 208 455
197 <- 208 551
208 -> 379 32
458 <- 208 403
477 <- 208 762
114 <- 209 598
209 -> 161 47
169 <- 209 47
209 -> 200 667
209 -> 235 725
253 <- 209 935
209 -> 350 520
209 -> 401 904
83 <- 210 928
210 -> 164 634
336 <- 210 452
367 <- 210 623
370 <- 210 563
210 -> 383 925
210 -> 447 836
211 -> 292 675
446 <- 211 286
212 -> 59 378
212 -> 75 696
148 <- 213 668
231 <- 213 670
214 -> 119 368
214 -> 222 797
214 -> 258 930
214 -> 410 457
455 <- 214 401
95 <- 215 229
217 <- 215 714
261 <- 215 471
277 <- 215 73
215 -> 429 580
440 <- 215 653
10 <- 216 894
95 <- 216 733
121 <- 216 371
216 -> 206 933
217 -> 238 900
265 <- 217 383
285 <- 217 914
217 -> 320 146
217 -> 473 61
484 <- 217 284
63 <- 218 311
218 -> 89 865
170 <- 218 783
218 -> 217 460
318 <- 218 109
218 -> 372 208
218 -> 378 547
219 -> 66 739
219 -> 286 897
219 -> 423 893
219 -> 470 134
486 <- 219 190
220 -> 5 346
220 -> 151 594
173 <- 220 961
263 <- 220 93
435 <- 220 909
25 <- 221 677
145 <- 221 683
221 -> 151 274
313 <- 221 988
221 -> 355 872
222 -> 26 43
57 <- 222 389
127 <- 222 752
137 <- 222 911
222 -> 183 524
210 <- 222 388
222 -> 496 89
223 -> 53 695
223 -> 108 202
139 <- 223 872
354 <- 223 534
409 <- 223 382
224 -> 88 757
112 <- 224 336
142 <- 224 379
370 <- 224 46
224 -> 480 615
225 -> 63 838
225 -> 427 335
225 -> 454 791
42 <- 226 236
188 <- 226 526
226 -> 254 694
226 -> 256 18
326 <- 226 221
226 -> 423 82
471 <- 226 160
239 <- 227 83
227 -> 449 339
103 <- 228 506
339 <- 228 421
229 -> 97 84
229 -> 281 717
298 <- 229 415
229 -> 485 315
230 -> 107 718
230 -> 109 606
246 <- 230 190
467 <- 230 802
24 <- 231 39
231 -> 62 573
115 <- 231 566
231 -> 153 414
231 -> 166 145
230 <- 231 388
282 <- 231 614
360 <- 231 21
76 <- 232 861
232 -> 102 856
298 <- 232 418
318 <- 232 107
232 -> 350 489
428 <- 232 114
442 <- 232 495
447 <- 232 946
474 <- 232 786
61 <- 233 126
233 -> 86 369
198 <- 233 642
215 <- 233 727
233 -> 247 465
321 <- 233 669
233 -> 466 367
19 <- 234 908
234 -> 43 646
195 <- 234 219
336 <- 234 602
86 <- 235 405
139 <- 235 463
243 <- 235 10
438 <- 235 364
122 <- 236 767
198 <- 236 440
236 -> 458 788
468 <- 236 129
485 <- 236 489
208 <- 237 717
237 -> 263 597
406 <- 237 553
423 <- 237 193
451 <- 237 471
238 -> 8 478
227 <- 238 938
238 -> 340 908
239 -> 9 118
239 -> 89 642
92 <- 239 627
239 -> 235 665
499 <- 239 760
206 <- 240 932
219 <- 240 859
241 -> 28 728
119 <- 241 386
165 <- 241 559
109 <- 242 781
242 -> 127 961
242 -> 248 190
357 <- 242 199
376 <- 242 560
242 -> 452 598
242 -> 454 269
243 -> 14 24
39 <- 243 856
70 <- 243 320
133 <- 243 4
243 -> 137 51
243 -> 155 211
228 <- 243 551
38 <- 244 377
91 <- 244 52
97 <- 244 872
244 -> 294 423
244 -> 347 293
245 -> 21 659
245 -> 181 870
245 -> 409 334
416 <- 245 678
328 <- 246 785
388 <- 246 63
246 -> 395 407
246 -> 410 680
246 -> 436 811
247 -> 37 550
247 -> 170 853
247 -> 329 163
394 <- 247 164
248 -> 62 34
363 <- 248 990
38 <- 249 710
249 -> 63 947
248 <- 249 559
435 <- 249 868
249 -> 442 22
492 <- 249 976
493 <- 249 786
12 <- 250 552
250 -> 15 402
285 <- 250 339
76 <- 251 999
259 <- 251 456
288 <- 251 815
412 <- 251 635
252 -> 11 252
103 <- 252 989
252 -> 155 914
252 -> 248 728
252 -> 378 607
252 -> 400 458
485 <- 252 107
253 -> 85 697
214 <- 253 468
253 -> 257 875
253 -> 298 37
328 <- 253 237
349 <- 253 53
254 -> 80 563
254 -> 158 528
168 <- 254 805
254 -> 401 415
254 -> 455 389
254 -> 484 538
254 -> 492 65
254 -> 493 490
102 <- 255 62
307 <- 255 750
255 -> 437 919
32 <- 256 485
256 -> 142 830
256 -> 223 810
256 -> 322 639
406 <- 256 750
256 -> 440 283
256 -> 445 358
257 -> 44 437
45 <- 257 15
257 -> 189 689
243 <- 257 73
257 -> 321 525
257 -> 328 449
257 -> 377 299
496 <- 257 868
56 <- 258 829
165 <- 258 405
258 -> 197 435
258 -> 317 983
258 -> 323 633
259 -> 12 296
27 <- 259 578
79 <- 259 612
260 -> 36 419
260 -> 246 179
260 -> 461 623
466 <- 260 41
0 <- 261 155
261 -> 4 336
261 -> 28 961
261 -> 79 817
261 -> 84 767
252 <- 261 749
351 <- 261 398
448 <- 261 799
262 -> 217 864
369 <- 262 902
83 <- 263 656
105 <- 263 766
131 <- 263 259
162 <- 263 426
226 <- 263 173
263 -> 344 728
263 -> 406 834
417 <- 263 338
264 -> 154 459
264 -> 339 647
397 <- 264 725
265 -> 58 396
265 -> 374 40
266 -> 110 321
266 -> 146 830
394 <- 266 609
191 <- 267 474
267 -> 210 996
226 <- 267 41
267 -> 228 840
258 <- 267 63
284 <- 267 637
267 -> 427 852
460 <- 267 779
113 <- 268 418
268 -> 259 293
41 <- 269 381
269 -> 137 558
197 <- 269 777
306 <- 269 870
269 -> 308 1
363 <- 269 556
269 -> 454 632
9 <- 270 166
70 <- 270 912
119 <- 270 936
270 -> 175 212
283 <- 270 567
270 -> 338 575
271 -> 85 678
88 <- 271 213
271 -> 342 631
271 -> 434 630
476 <- 271 549
486 <- 271 70
172 <- 272 493
272 -> 228 83
376 <- 272 280
272 -> 416 343
421 <- 272 156
272 -> 493 87
273 -> 40 927
273 -> 243 769
273 -> 434 587
492 <- 273 657
47 <- 274 860
81 <- 274 16
128 <- 274 797
256 <- 274 675
274 -> 281 219
274 -> 430 748
99 <- 275 836
193 <- 275 439
271 <- 275 674
304 <- 275 205
275 -> 403 148
462 <- 275 549
28 <- 276 363
276 -> 114 131
189 <- 276 362
248 <- 276 446
276 -> 322 962
329 <- 276 320
383 <- 276 72
136 <- 277 895
320 <- 277 656
277 -> 328 79
141 <- 278 525
278 -> 259 762
279 -> 86 343
107 <- 279 866
279 -> 246 268
270 <- 279 180
310 <- 279 863
279 -> 365 49
279 -> 433 697
280 -> 18 497
335 <- 280 563
281 -> 67 351
281 -> 177 692
227 <- 281 35
281 -> 237 224
278 <- 281 419
10 <- 282 568
78 <- 282 268
282 -> 208 897
268 <- 283 208
476 <- 283 40
35 <- 284 637
284 -> 154 363
178 <- 284 150
274 <- 284 524
284 -> 322 527
284 -> 447 299
471 <- 284 777
284 -> 488 375
285 -> 288 302
285 -> 353 162
286 -> 85 255
95 <- 286 619
286 -> 297 981
310 <- 286 639
286 -> 474 395
81 <- 287 598
139 <- 287 581
287 -> 261 104
314 <- 287 683
361 <- 287 999
288 -> 64 29
84 <- 288 121
109 <- 288 771
214 <- 288 652
260 <- 288 315
288 -> 279 69
419 <- 288 556
289 -> 5 420
111 <- 289 628
120 <- 289 628
259 <- 289 225
289 -> 270 241
289 -> 332 322
386 <- 289 385
290 -> 94 382
290 -> 300 630
290 -> 433 838
291 -> 7 403
291 -> 56 147
96 <- 291 996
242 <- 291 806
280 <- 291 97
428 <- 291 637
291 -> 430 122
291 -> 499 695
63 <- 292 87
292 -> 105 565
292 -> 245 741
302 <- 292 244
292 -> 304 410
430 <- 292 934
292 -> 433 383
292 -> 445 940
293 -> 8 644
293 -> 38 879
61 <- 293 553
293 -> 83 739
194 <- 293 848
246 <- 293 297
293 -> 329 731
293 -> 482 241
130 <- 294 798
294 -> 281 346
202 <- 295 511
295 -> 277 113
281 <- 295 37
300 <- 295 814
295 -> 396 832
422 <- 295 805
423 <- 295 924
103 <- 296 123
121 <- 296 74
156 <- 296 33
296 -> 265 105
296 -> 403 887
297 -> 339 917
297 -> 362 834
297 -> 431 752
297 -> 443 686
12 <- 298 135
35 <- 298 345
113 <- 298 569
298 -> 232 441
298 -> 341 688
367 <- 298 837
299 -> 162 272
204 <- 299 821
299 -> 380 110
413 <- 299 784
463 <- 299 298
300 -> 92 845
300 -> 490 506
215 <- 301 11
343 <- 301 716
301 -> 398 74
402 <- 301 835
302 -> 30 67
132 <- 302 966
252 <- 302 141
302 -> 433 789
448 <- 302 288
50 <- 303 885
105 <- 303 309
200 <- 303 688
242 <- 303 765
335 <- 303 441
303 -> 341 985
366 <- 303 835
388 <- 303 274
214 <- 304 797
216 <- 304 186
342 <- 304 329
304 -> 343 661
351 <- 304 331
423 <- 304 335
424 <- 304 105
304 -> 433 807
305 -> 72 864
78 <- 305 177
305 -> 237 718
108 <- 306 702
306 -> 158 56
243 <- 306 570
389 <- 306 606
425 <- 306 556
7 <- 307 998
9 <- 307 238
307 -> 53 500
81 <- 307 178
307 -> 122 601
167 <- 307 826
220 <- 307 474
308 -> 67 606
308 -> 97 784
149 <- 308 428
269 <- 308 449
308 -> 337 363
445 <- 308 658
473 <- 308 584
308 -> 496 332
147 <- 309 469
269 <- 309 136
297 <- 309 230
315 <- 309 897
309 -> 427 794
467 <- 309 769
492 <- 309 258
309 -> 497 410
32 <- 310 507
310 -> 279 936
284 <- 310 429
410 <- 310 509
457 <- 310 992
477 <- 310 651
213 <- 311 567
311 -> 226 99
311 -> 310 234
371 <- 311 679
449 <- 311 731
29 <- 312 167
312 -> 141 311
312 -> 146 252
312 -> 208 705
299 <- 312 417
312 -> 306 296
341 <- 312 522
438 <- 312 919
313 -> 14 697
87 <- 313 289
313 -> 190 464
310 <- 313 137
374 <- 313 982
313 -> 462 621
314 -> 79 965
314 -> 102 191
118 <- 314 913
314 -> 268 473
338 <- 314 29
353 <- 314 94
314 -> 428 391
444 <- 314 785
98 <- 315 909
315 -> 414 354
315 -> 419 451
316 -> 61 132
316 -> 63 776
187 <- 316 660
316 -> 203 988
316 -> 434 950
317 -> 43 472
317 -> 421 30
317 -> 476 707
318 -> 122 536
221 <- 318 188
318 -> 226 591
318 -> 249 863
318 -> 262 157
327 <- 318 421
319 -> 40 683
49 <- 319 854
99 <- 319 836
390 <- 319 745
320 -> 95 3
119 <- 320 824
122 <- 320 859
125 <- 320 449
169 <- 320 786
186 <- 320 998
320 -> 313 71
425 <- 320 487
139 <- 321 517
323 <- 321 522
321 -> 403 145
447 <- 321 250
283 <- 322 729
321 <- 322 503
322 -> 422 821
84 <- 323 349
323 -> 252 359
323 -> 275 44
323 -> 340 956
401 <- 323 210
414 <- 323 441
323 -> 475 43
499 <- 323 452
121 <- 324 23
324 -> 134 980
179 <- 324 397
262 <- 324 968
324 -> 297 637
335 <- 324 187
325 -> 190 696
325 -> 317 565
325 -> 354 270
325 -> 364 585
408 <- 325 480
326 -> 30 739
106 <- 326 333
297 <- 326 675
326 -> 341 69
326 -> 424 297
7 <- 327 290
41 <- 327 191
50 <- 327 284
327 -> 346 957
402 <- 327 629
327 -> 465 235
328 -> 5 772
328 -> 192 881
209 <- 328 992
328 -> 407 591
441 <- 328 899
84 <- 329 387
357 <- 329 982
329 -> 364 865
450 <- 329 227
127 <- 330 655
330 -> 232 567
331 -> 15 114
331 -> 145 438
331 -> 277 914
303 <- 331 921
381 <- 331 751
429 <- 331 981
441 <- 331 846
163 <- 332 83
433 <- 332 285
333 -> 20 861
333 -> 28 70
333 -> 118 682
333 -> 229 788
334 -> 93 301
334 -> 283 785
334 -> 373 811
201 <- 335 182
336 <- 335 968
335 -> 423 476
488 <- 335 203
14 <- 336 517
336 -> 393 783
177 <- 337 454
261 <- 337 89
64 <- 338 300
128 <- 338 983
338 -> 153 319
338 -> 475 792
339 -> 69 418
339 -> 237 84
339 -> 268 714
382 <- 339 138
419 <- 339 225
340 -> 199 715
200 <- 340 835
213 <- 340 356
241 <- 340 785
274 <- 340 537
340 -> 326 837
126 <- 341 46
341 -> 146 892
341 -> 205 251
350 <- 341 479
407 <- 341 206
421 <- 341 183
341 -> 469 764
341 -> 480 658
342 -> 175 989
342 -> 466 808
343 -> 101 48
199 <- 343 175
272 <- 343 386
343 -> 398 109
344 -> 20 298
74 <- 344 283
116 <- 344 1000
344 -> 198 495
344 -> 199 875
419 <- 344 538
344 -> 445 56
20 <- 345 186
345 -> 65 798
83 <- 345 904
345 -> 136 251
345 -> 144 978
345 -> 149 557
369 <- 345 294
346 -> 78 646
346 -> 90 838
143 <- 346 265
346 -> 149 334
497 <- 346 87
347 -> 155 348
247 <- 347 635
374 <- 347 59
377 <- 347 307
385 <- 347 331
433 <- 347 918
348 -> 171 704
219 <- 348 423
348 -> 341 404
348 -> 357 635
371 <- 348 643
348 -> 404 345
71 <- 349 216
349 -> 78 764
349 -> 176 68
349 -> 206 382
349 -> 342 556
360 <- 349 229
349 -> 404 336
463 <- 349 130
43 <- 350 822
56 <- 350 467
350 -> 108 756
182 <- 350 15
36 <- 351 474
351 -> 105 590
136 <- 351 925
351 -> 223 833
227 <- 351 201
331 <- 351 332
443 <- 351 578
447 <- 351 603
126 <- 352 789
352 -> 178 25
228 <- 352 405
236 <- 352 889
352 -> 331 237
352 -> 374 315
352 -> 439 394
497 <- 352 126
353 -> 10 44
353 -> 108 714
152 <- 353 273
349 <- 353 193
488 <- 353 128
352 <- 354 19
354 -> 368 716
354 -> 382 340
3 <- 355 211
355 -> 99 220
247 <- 355 83
300 <- 355 628
355 -> 318 406
355 -> 382 726
452 <- 355 807
310 <- 356 786
454 <- 356 427
357 -> 32 57
139 <- 357 693
357 -> 167 606
357 -> 170 330
220 <- 357 332
357 -> 255 64
403 <- 357 390
17 <- 358 181
299 <- 358 69
314 <- 358 686
370 <- 358 91
359 -> 33 323
114 <- 359 430
359 -> 150 9
341 <- 359 644
388 <- 359 511
360 -> 201 246
219 <- 360 557
225 <- 360 899
360 -> 231 704
360 -> 271 20
476 <- 360 953
361 -> 131 325
361 -> 137 42
275 <- 361 624
406 <- 361 142
362 -> 234 429
298 <- 362 785
362 -> 328 309
362 -> 398 438
418 <- 362 909
441 <- 362 892
474 <- 362 477
173 <- 363 220
363 -> 175 26
288 <- 363 594
321 <- 363 675
344 <- 363 814
363 -> 357 974
460 <- 363 396
364 -> 89 768
364 -> 116 928
182 <- 364 340
234 <- 364 957
262 <- 364 31
364 -> 378 218
364 -> 491 377
365 -> 312 403
365 -> 315 375
318 <- 365 248
365 -> 335 533
401 <- 365 131
426 <- 365 532
35 <- 366 457
366 -> 36 977
65 <- 366 507
366 -> 166 460
366 -> 184 103
366 -> 283 31
335 <- 366 41
453 <- 366 597
55 <- 367 393
113 <- 367 811
128 <- 367 285
212 <- 367 362
267 <- 367 583
296 <- 367 264
367 -> 307 68
2 <- 368 90
60 <- 368 527
368 -> 61 218
68 <- 368 861
179 <- 368 24
368 -> 300 928
353 <- 368 129
396 <- 368 990
124 <- 369 254
369 -> 188 5
240 <- 369 337
244 <- 369 808
340 <- 369 596
369 -> 371 502
425 <- 369 828
434 <- 369 751
6 <- 370 928
370 -> 49 250
112 <- 370 145
370 -> 210 752
370 -> 224 199
262 <- 370 250
290 <- 370 821
370 -> 328 31
370 -> 476 651
371 -> 198 262
371 -> 209 177
371 -> 311 283
371 -> 338 759
371 -> 369 272
382 <- 371 776
371 -> 392 105
371 -> 410 236
25 <- 372 665
82 <- 372 779
154 <- 372 622
372 -> 383 702
372 -> 404 180
417 <- 372 146
373 -> 307 674
315 <- 373 538
373 -> 376 600
2 <- 374 728
36 <- 374 300
374 -> 143 119
374 -> 155 212
185 <- 374 121
374 -> 493 812
75 <- 375 527
320 <- 375 840
65 <- 376 523
218 <- 376 189
263 <- 376 848
346 <- 376 95
361 <- 376 239
438 <- 376 669
23 <- 377 627
41 <- 377 3
108 <- 377 181
377 -> 218 599
377 -> 299 70
326 <- 377 864
72 <- 378 503
141 <- 378 411
378 -> 188 374
295 <- 378 849
444 <- 378 124
379 -> 3 212
379 -> 5 994
241 <- 379 678
379 -> 363 365
380 -> 90 702
334 <- 380 635
293 <- 381 981
307 <- 381 132
381 -> 308 492
382 -> 88 514
382 -> 308 491
382 -> 319 593
336 <- 382 423
354 <- 382 153
382 -> 378 305
48 <- 383 459
266 <- 383 556
383 -> 276 21
383 -> 393 577
383 -> 497 391
25 <- 384 814
74 <- 384 421
213 <- 384 571
384 -> 294 944
384 -> 309 542
384 -> 355 703
384 -> 381 171
392 <- 384 368
385 -> 43 830
385 -> 112 440
213 <- 385 72
385 -> 343 254
34 <- 386 194
60 <- 386 524
134 <- 386 714
150 <- 386 452
386 -> 159 208
386 -> 267 63
386 -> 289 802
48 <- 387 748
387 -> 94 87
260 <- 387 701
387 -> 276 354
387 -> 313 747
341 <- 387 865
388 -> 108 66
192 <- 388 995
389 -> 18 535
32 <- 389 915
190 <- 389 950
277 <- 389 996
361 <- 389 769
402 <- 389 58
390 -> 142 214
390 -> 209 271
211 <- 390 815
378 <- 390 285
389 <- 390 335
446 <- 390 691
391 -> 43 337
199 <- 391 84
46 <- 392 967
392 -> 69 409
392 -> 102 900
392 -> 143 276
392 -> 206 369
222 <- 392 142
250 <- 392 786
392 -> 339 400
14 <- 393 171
95 <- 393 354
334 <- 393 30
393 -> 413 931
418 <- 393 846
394 -> 60 939
138 <- 394 125
394 -> 179 535
199 <- 394 442
394 -> 441 170
38 <- 395 996
395 -> 118 824
275 <- 395 7
395 -> 277 601
291 <- 395 311
395 -> 347 416
395 -> 425 92
396 -> 94 308
105 <- 396 285
205 <- 396 101
396 -> 232 65
396 -> 241 196
359 <- 396 558
397 -> 103 106
397 -> 128 848
171 <- 397 130
398 -> 39 127
398 -> 439 422
464 <- 398 352
236 <- 399 882
271 <- 399 674
399 -> 378 662
399 -> 466 649
133 <- 400 308
400 -> 151 433
255 <- 400 299
400 -> 345 624
400 -> 350 167
363 <- 400 896
398 <- 400 951
400 -> 478 255
401 -> 40 697
401 -> 260 517
327 <- 401 108
402 -> 301 735
378 <- 402 477
403 -> 33 432
403 -> 70 836
159 <- 403 199
238 <- 403 360
282 <- 403 718
403 -> 345 582
403 -> 357 66
470 <- 403 511
404 -> 69 457
176 <- 404 41
204 <- 404 616
317 <- 404 964
404 -> 368 680
404 -> 453 87
103 <- 405 626
206 <- 405 676
380 <- 405 807
394 <- 405 518
45 <- 406 395
406 -> 74 47
178 <- 406 13
347 <- 406 389
31 <- 407 203
63 <- 407 497
174 <- 407 913
407 -> 248 297
413 <- 407 598
432 <- 407 45
476 <- 407 423
496 <- 407 110
408 -> 116 467
408 -> 188 571
206 <- 408 788
408 -> 249 219
107 <- 409 693
409 -> 127 427
409 -> 245 919
409 -> 363 538
477 <- 409 595
1 <- 410 860
323 <- 410 470
338 <- 410 900
410 -> 422 656
410 -> 447 818
411 -> 159 190
411 -> 246 976
37 <- 412 358
412 -> 156 657
412 -> 476 135
413 -> 42 196
158 <- 413 709
28 <- 414 674
309 <- 414 143
17 <- 415 79
29 <- 415 868
78 <- 415 193
98 <- 415 911
135 <- 415 126
239 <- 415 788
415 -> 428 853
415 -> 445 28
416 -> 66 363
216 <- 416 344
416 -> 329 129
337 <- 416 468
416 -> 371 678
461 <- 416 979
417 -> 2 968
230 <- 417 240
260 <- 417 705
315 <- 417 1
417 -> 324 325
417 -> 358 623
391 <- 417 163
417 -> 495 110
3 <- 418 488
174 <- 418 302
275 <- 418 372
418 -> 323 699
418 -> 365 504
419 -> 9 496
419 -> 51 775
419 -> 75 352
227 <- 419 844
419 -> 253 786
419 -> 259 448
419 -> 309 88
419 -> 453 350
420 -> 28 722
420 -> 88 727
119 <- 420 90
421 -> 112 463
421 -> 260 521
321 <- 421 939
451 <- 421 769
421 -> 456 453
422 -> 127 699
422 -> 311 365
422 -> 318 113
422 -> 366 497
496 <- 422 539
423 -> 175 564
423 -> 289 922
423 -> 340 497
132 <- 424 19
150 <- 424 470
164 <- 424 548
299 <- 424 530
424 -> 328 599
424 -> 417 935
464 <- 424 150
473 <- 424 241
16 <- 425 817
425 -> 81 523
425 -> 100 73
307 <- 425 980
425 -> 320 508
425 -> 345 909
374 <- 425 627
498 <- 425 610
32 <- 426 401
127 <- 426 253
180 <- 426 808
426 -> 227 145
324 <- 426 68
426 -> 353 351
363 <- 426 773
427 -> 34 188
427 -> 166 638
427 -> 200 707
427 -> 238 619
427 -> 326 554
466 <- 427 786
428 -> 191 420
428 -> 413 248
429 -> 79 817
125 <- 429 148
152 <- 429 410
429 -> 186 664
429 -> 204 117
215 <- 429 416
341 <- 429 988
427 <- 429 843
429 -> 433 598
430 -> 41 297
74 <- 430 604
79 <- 430 397
257 <- 430 828
292 <- 430 947
430 -> 339 378
431 -> 128 833
431 -> 262 291
431 -> 286 275
317 <- 431 302
432 -> 8 810
135 <- 432 724
432 -> 160 696
432 -> 280 343
360 <- 432 155
433 -> 24 134
433 -> 157 606
211 <- 433 156
302 <- 433 515
380 <- 433 259
203 <- 434 630
434 -> 217 448
435 <- 434 566
435 -> 176 224
331 <- 435 169
435 -> 459 806
435 -> 487 932
436 -> 208 484
436 -> 341 830
482 <- 436 614
449 <- 437 977
437 -> 496 457
43 <- 438 746
438 -> 45 215
109 <- 438 106
287 <- 438 110
305 <- 438 36
438 -> 312 853
438 -> 422 974
438 -> 434 409
54 <- 439 284
439 -> 382 140
440 -> 16 539
20 <- 440 379
440 -> 218 912
399 <- 440 384
441 -> 65 180
441 -> 67 779
441 -> 196 117
313 <- 441 460
441 -> 314 565
441 -> 475 825
255 <- 442 875
442 -> 360 754
368 <- 442 377
442 -> 369 850
1 <- 443 312
443 -> 14 387
443 -> 105 352
215 <- 443 695
337 <- 443 699
458 <- 443 686
32 <- 444 328
70 <- 444 805
444 -> 185 24
239 <- 444 894
272 <- 444 108
444 -> 303 437
305 <- 444 169
373 <- 444 354
161 <- 445 430
445 -> 238 410
153 <- 446 919
166 <- 446 883
446 -> 170 913
446 -> 188 792
192 <- 446 859
446 -> 336 10
49 <- 447 661
447 -> 111 79
447 -> 144 303
79 <- 448 1
182 <- 448 614
448 -> 361 995
448 -> 392 909
414 <- 448 249
448 -> 441 357
458 <- 448 576
449 -> 80 723
449 -> 132 686
450 -> 93 346
450 -> 153 960
450 -> 254 572
450 -> 282 547
450 -> 464 174
471 <- 450 451
476 <- 450 201
450 -> 483 187
451 -> 265 147
451 -> 389 12
452 -> 229 57
452 -> 370 759
452 -> 406 397
452 -> 414 530
453 -> 51 509
453 -> 90 740
101 <- 453 379
453 -> 145 12
375 <- 453 707
453 -> 429 674
453 -> 440 425
453 -> 451 759
454 -> 54 433
122 <- 454 765
161 <- 454 634
232 <- 454 259
369 <- 454 374
50 <- 455 640
56 <- 455 575
455 -> 95 315
455 -> 106 659
166 <- 455 943
455 -> 172 887
327 <- 455 327
486 <- 455 539
456 -> 64 674
300 <- 456 237
456 -> 319 567
399 <- 456 5
456 -> 485 433
457 -> 5 362
189 <- 457 959
195 <- 457 691
457 -> 310 509
356 <- 457 882
457 -> 397 516
457 -> 399 342
405 <- 457 60
458 -> 65 422
144 <- 458 842
458 -> 243 622
458 -> 314 710
458 -> 394 169
458 -> 494 190
459 -> 35 771
86 <- 459 15
459 -> 89 426
459 -> 95 281
459 -> 217 360
459 -> 256 350
459 -> 420 964
448 <- 459 386
457 <- 459 800
460 -> 99 290
460 -> 186 149
460 -> 283 582
317 <- 460 498
388 <- 460 354
460 -> 416 147
434 <- 460 239
499 <- 460 160
461 -> 50 664
168 <- 461 169
323 <- 461 687
443 <- 461 671
31 <- 462 776
50 <- 462 925
93 <- 462 199
462 -> 171 938
202 <- 462 317
462 -> 209 302
252 <- 462 370
462 -> 410 365
65 <- 463 733
87 <- 463 559
463 -> 236 193
463 -> 294 603
375 <- 463 503
427 <- 463 949
464 -> 237 63
239 <- 464 777
243 <- 464 582
316 <- 464 85
464 -> 388 881
107 <- 465 830
185 <- 465 24
232 <- 465 310
419 <- 465 639
431 <- 465 820
463 <- 465 239
474 <- 465 711
26 <- 466 681
224 <- 466 168
380 <- 466 1000
435 <- 466 798
197 <- 467 520
244 <- 467 871
467 -> 268 868
278 <- 467 212
362 <- 467 684
372 <- 467 737
496 <- 467 16
468 -> 318 11
400 <- 468 525
469 -> 70 384
146 <- 469 560
149 <- 469 291
469 -> 296 612
469 -> 379 581
54 <- 470 598
87 <- 470 830
470 -> 164 878
470 -> 305 586
366 <- 470 190
471 -> 25 336
43 <- 471 985
471 -> 336 245
471 -> 365 234
167 <- 472 331
472 -> 274 135
487 <- 472 783
473 -> 10 873
111 <- 473 542
320 <- 473 441
329 <- 473 196
474 -> 2 225
169 <- 474 887
176 <- 474 96
238 <- 474 508
286 <- 474 960
382 <- 474 990
120 <- 475 788
249 <- 475 324
304 <- 475 476
475 -> 497 233
476 -> 22 481
476 -> 208 544
271 <- 476 448
476 -> 273 749
477 -> 51 424
477 -> 59 150
477 -> 82 639
477 -> 127 455
155 <- 477 593
477 -> 171 602
189 <- 477 28
477 -> 279 839
478 -> 6 66
478 -> 61 620
478 -> 237 927
414 <- 478 315
491 <- 478 19
496 <- 478 543
94 <- 479 666
479 -> 322 986
365 <- 479 878
72 <- 480 974
213 <- 480 859
480 -> 459 53
475 <- 480 54
100 <- 481 277
403 <- 481 164
423 <- 481 613
439 <- 481 873
20 <- 482 777
72 <- 482 559
482 -> 83 14
185 <- 482 746
482 -> 290 423
293 <- 482 518
453 <- 482 384
37 <- 483 904
483 -> 170 594
188 <- 483 21
302 <- 483 43
483 -> 304 782
483 -> 319 657
483 -> 381 930
124 <- 484 690
150 <- 484 140
180 <- 484 864
359 <- 484 743
386 <- 484 400
485 -> 50 40
485 -> 158 961
485 -> 234 169
485 -> 237 5
339 <- 485 553
435 <- 485 702
485 -> 452 113
485 -> 491 982
486 -> 79 299
84 <- 486 56
486 -> 184 448
223 <- 486 723
486 -> 229 388
250 <- 486 755
329 <- 486 13
486 -> 345 710
46 <- 487 186
155 <- 487 531
82 <- 488 855
177 <- 488 663
488 -> 222 569
253 <- 488 485
309 <- 488 395
312 <- 488 591
352 <- 488 726
488 -> 353 107
488 -> 495 562
165 <- 489 456
195 <- 489 119
489 -> 355 833
489 -> 374 665
447 <- 489 388
58 <- 490 379
323 <- 490 584
490 -> 428 300
490 -> 445 475
491 -> 242 879
266 <- 491 54
477 <- 491 25
492 -> 50 546
492 -> 66 502
492 -> 199 657
492 -> 287 196
343 <- 492 891
493 -> 83 651
217 <- 493 400
73 <- 494 856
135 <- 494 13
328 <- 494 507
494 -> 367 626
444 <- 494 957
468 <- 494 989
490 <- 494 414
495 -> 76 524
495 -> 103 47
495 -> 127 180
495 -> 264 334
496 -> 10 409
496 -> 103 900
226 <- 496 201
333 <- 496 278
496 -> 447 363
451 <- 496 165
476 <- 496 860
497 -> 38 488
497 -> 94 197
497 -> 98 901
497 -> 171 110
497 -> 215 277
497 -> 331 329
417 <- 497 943
497 -> 470 952
277 <- 498 952
498 -> 491 207
499 -> 8 913
499 -> 84 939
499 -> 181 299
499 -> 223 660
272 <- 499 269
