0 -> 14 5
19 <- 0 1
1 -> 4 12
1 -> 13 12
1 -> 19 5
15 <- 2 17
16 <- 2 13
2 -> 17 4
2 -> 19 11
2 -> 20 13
21 <- 2 4
3 -> 4 5
6 <- 3 1
3 -> 9 2
3 -> 24 2
4 -> 1 12
4 -> 3 5
4 -> 5 1
4 -> 6 5
4 -> 7 3
12 <- 4 4
13 <- 4 1
4 -> 16 10
4 <- 5 1
7 <- 5 3
5 -> 13 1
6 -> 3 1
4 <- 6 5
11 <- 6 5
16 <- 6 6
6 -> 17 5
22 <- 6 4
7 -> 4 3
7 -> 5 3
7 -> 14 14
7 -> 17 3
8 -> 9 8
13 <- 8 13
8 -> 18 16
8 -> 23 16
24 <- 8 8
9 -> 3 2
9 -> 8 8
9 -> 16 5
10 -> 12 4
13 <- 10 1
18 <- 10 4
10 -> 20 10
10 -> 21 1
6 <- 11 5
11 -> 12 4
22 <- 11 8
11 -> 23 4
4 <- 12 4
12 -> 10 4
12 -> 11 4
12 -> 18 1
21 <- 12 4
12 -> 22 11
12 -> 23 1
13 -> 1 12
13 -> 4 1
5 <- 13 1
8 <- 13 13
10 <- 13 1
23 <- 13 4
14 -> 0 5
7 <- 14 14
17 <- 14 12
14 -> 20 3
2 <- 15 17
15 -> 18 17
15 -> 20 5
2 <- 16 13
16 -> 4 10
16 -> 6 6
16 -> 9 5
16 -> 18 13
24 <- 16 5
17 -> 2 4
17 -> 6 5
17 -> 7 3
14 <- 17 12
17 -> 19 8
18 -> 8 16
18 -> 10 4
18 -> 12 1
15 <- 18 17
18 -> 16 13
18 -> 21 4
19 -> 0 1
19 -> 1 5
2 <- 19 11
19 -> 17 8
2 <- 20 13
10 <- 20 10
20 -> 14 3
20 -> 15 5
20 -> 21 10
22 <- 20 3
20 -> 24 5
21 -> 2 4
21 -> 10 1
21 -> 12 4
21 -> 18 4
21 -> 20 10
22 -> 6 4
11 <- 22 8
22 -> 12 11
22 -> 20 3
8 <- 23 16
23 -> 11 4
12 <- 23 1
23 -> 13 4
24 -> 3 2
8 <- 24 8
24 -> 16 5
20 <- 24 5
